# n = 1397510
# m = 5450815
# d_medio = 7.80075
0 0.0478286
1 0.129057
2 0.162765
3 0.139621
4 0.102147
5 0.0735608
6 0.0532089
7 0.0409671
8 0.0316771
9 0.0257916
10 0.0204535
11 0.0172586
12 0.0146403
13 0.0125466
14 0.010948
15 0.00917489
16 0.00821819
17 0.00713125
18 0.00652518
19 0.00584683
20 0.00513771
21 0.00469764
22 0.00423754
23 0.00390695
24 0.00345758
25 0.00319998
26 0.00310695
27 0.0027413
28 0.00255097
29 0.00231841
30 0.00212449
31 0.00209229
32 0.00200499
33 0.00182181
34 0.00164006
35 0.00148621
36 0.00147047
37 0.00136099
38 0.0012694
39 0.00125008
40 0.001127
41 0.00112915
42 0.00103541
43 0.00103327
44 0.000905897
45 0.00087155
46 0.000847221
47 0.000810012
48 0.000765647
49 0.00072343
50 0.000686936
51 0.000635416
52 0.000622536
53 0.000606078
54 0.000579602
55 0.000539531
56 0.00054454
57 0.00046726
58 0.000435059
59 0.000422179
60 0.00046082
61 0.000401428
62 0.000445793
63 0.000389979
64 0.000362788
65 0.00034633
66 0.000321286
67 0.00030769
68 0.000322001
69 0.000271912
70 0.000336312
71 0.000271197
72 0.000280499
73 0.000254739
74 0.000284792
75 0.000239712
76 0.000227548
77 0.000194632
78 0.000236134
79 0.000196779
80 0.000202503
81 0.000196063
82 0.000193201
83 0.000190339
84 0.00019177
85 0.000158854
86 0.000171018
87 0.000153845
88 0.00018533
89 0.000158138
90 0.000135241
91 0.000138818
92 0.000133809
93 0.000168156
94 0.000130232
95 0.000130232
96 0.000125938
97 0.000128801
98 0.000105903
99 0.00010948
100 0.000107334
101 0.000105187
102 0.000101609
103 0.000105187
104 9.87471e-05
105 9.30226e-05
106 9.58848e-05
107 8.44359e-05
108 7.79959e-05
109 8.51514e-05
110 8.87292e-05
111 7.79959e-05
112 7.15558e-05
113 9.08759e-05
114 7.37025e-05
115 7.65647e-05
116 7.9427e-05
117 6.1538e-05
118 0.000129516
119 6.94092e-05
120 7.22714e-05
121 5.5098e-05
122 7.08403e-05
123 4.65113e-05
124 5.29513e-05
125 6.29691e-05
126 4.93735e-05
127 4.72269e-05
128 4.15024e-05
129 5.29513e-05
130 5.5098e-05
131 4.57957e-05
132 5.43824e-05
133 4.22179e-05
134 4.8658e-05
135 3.86402e-05
136 3.22001e-05
137 4.00713e-05
138 4.8658e-05
139 3.7209e-05
140 3.7209e-05
141 3.79246e-05
142 3.79246e-05
143 3.93557e-05
144 3.93557e-05
145 3.14846e-05
146 3.14846e-05
147 3.14846e-05
148 2.4329e-05
149 3.0769e-05
150 2.64757e-05
151 2.79068e-05
152 3.36312e-05
153 2.79068e-05
154 2.00356e-05
155 2.50445e-05
156 2.21823e-05
157 2.79068e-05
158 2.07512e-05
159 1.93201e-05
160 2.79068e-05
161 1.93201e-05
162 2.57601e-05
163 2.50445e-05
164 2.07512e-05
165 2.21823e-05
166 1.86045e-05
167 2.71912e-05
168 1.64578e-05
169 1.28801e-05
170 1.93201e-05
171 1.71734e-05
172 2.14668e-05
173 1.64578e-05
174 1.93201e-05
175 1.14489e-05
176 1.71734e-05
177 1.50267e-05
178 1.21645e-05
179 1.57423e-05
180 1.64578e-05
181 1.21645e-05
182 2.14668e-05
183 1.14489e-05
184 1.28801e-05
185 1.21645e-05
186 1.07334e-05
187 1.57423e-05
188 8.5867e-06
189 1.21645e-05
190 1.14489e-05
191 9.30226e-06
192 1.50267e-05
193 1.00178e-05
194 5.72447e-06
195 1.43112e-05
196 1.14489e-05
197 7.15558e-06
198 8.5867e-06
199 8.5867e-06
200 1.14489e-05
201 1.07334e-05
202 4.29335e-06
203 1.35956e-05
204 7.87114e-06
205 7.15558e-06
206 7.15558e-06
207 8.5867e-06
208 5.72447e-06
209 7.87114e-06
210 9.30226e-06
211 7.15558e-06
212 6.44003e-06
213 1.14489e-05
214 9.30226e-06
215 9.30226e-06
216 6.44003e-06
217 7.15558e-06
218 6.44003e-06
219 5.72447e-06
220 5.00891e-06
221 4.29335e-06
222 8.5867e-06
223 9.30226e-06
224 7.15558e-06
225 5.00891e-06
226 7.15558e-06
227 7.15558e-06
228 9.30226e-06
229 5.00891e-06
230 4.29335e-06
231 6.44003e-06
232 5.72447e-06
233 5.72447e-06
234 4.29335e-06
235 4.29335e-06
236 5.72447e-06
237 2.86223e-06
238 1.43112e-06
239 4.29335e-06
240 4.29335e-06
241 2.86223e-06
242 5.72447e-06
243 3.57779e-06
244 4.29335e-06
245 6.44003e-06
246 5.72447e-06
247 5.00891e-06
248 5.72447e-06
249 3.57779e-06
250 3.57779e-06
251 2.86223e-06
252 5.72447e-06
253 5.00891e-06
254 3.57779e-06
255 1.00178e-05
256 2.86223e-06
257 7.87114e-06
258 3.57779e-06
259 2.86223e-06
260 2.86223e-06
261 5.72447e-06
262 1.43112e-06
263 4.29335e-06
264 2.86223e-06
265 4.29335e-06
266 2.86223e-06
267 5.00891e-06
268 5.72447e-06
269 4.29335e-06
270 1.43112e-06
271 2.14668e-06
272 3.57779e-06
273 4.29335e-06
274 3.57779e-06
275 2.86223e-06
276 2.14668e-06
277 2.86223e-06
278 2.86223e-06
279 1.43112e-06
280 7.15558e-07
281 2.14668e-06
282 7.15558e-07
283 7.15558e-07
284 7.15558e-07
285 0
286 7.15558e-07
287 2.86223e-06
288 2.86223e-06
289 2.86223e-06
290 5.00891e-06
291 2.14668e-06
292 7.15558e-07
293 1.43112e-06
294 2.86223e-06
295 2.86223e-06
296 1.43112e-06
297 4.29335e-06
298 2.86223e-06
299 7.15558e-07
300 0
301 2.86223e-06
302 1.43112e-06
303 1.43112e-06
304 1.43112e-06
305 2.14668e-06
306 3.57779e-06
307 2.14668e-06
308 1.43112e-06
309 1.43112e-06
310 2.86223e-06
311 1.43112e-06
312 2.14668e-06
313 2.14668e-06
314 7.15558e-07
315 2.86223e-06
316 2.14668e-06
317 1.43112e-06
318 7.15558e-07
319 7.15558e-07
320 2.14668e-06
321 1.43112e-06
322 1.43112e-06
323 0
324 2.14668e-06
325 2.86223e-06
326 0
327 4.29335e-06
328 3.57779e-06
329 2.14668e-06
330 7.15558e-07
331 2.14668e-06
332 2.86223e-06
333 1.43112e-06
334 2.14668e-06
335 1.43112e-06
336 1.43112e-06
337 1.43112e-06
338 0
339 2.86223e-06
340 7.15558e-07
341 2.86223e-06
342 2.14668e-06
343 7.15558e-07
344 0
345 7.15558e-07
346 7.15558e-07
347 1.43112e-06
348 1.43112e-06
349 1.43112e-06
350 1.43112e-06
351 1.43112e-06
352 2.14668e-06
353 0
354 7.15558e-07
355 7.15558e-07
356 7.15558e-07
357 7.15558e-07
358 7.15558e-07
359 7.15558e-07
360 0
361 2.14668e-06
362 7.15558e-07
363 7.15558e-07
364 7.15558e-07
365 7.15558e-07
366 7.15558e-07
367 2.14668e-06
368 1.43112e-06
369 0
370 7.15558e-07
371 0
372 7.15558e-07
373 0
374 7.15558e-07
375 2.86223e-06
376 1.43112e-06
377 0
378 0
379 7.15558e-07
380 0
381 0
382 7.15558e-07
383 1.43112e-06
384 7.15558e-07
385 7.15558e-07
386 2.14668e-06
387 0
388 2.14668e-06
389 7.15558e-07
390 7.15558e-07
391 7.15558e-07
392 2.86223e-06
393 0
394 2.14668e-06
395 0
396 7.15558e-07
397 0
398 0
399 1.43112e-06
400 1.43112e-06
401 7.15558e-07
402 0
403 7.15558e-07
404 7.15558e-07
405 7.15558e-07
406 7.15558e-07
407 7.15558e-07
408 1.43112e-06
409 0
410 7.15558e-07
411 7.15558e-07
412 0
413 0
414 0
415 0
416 0
417 0
418 7.15558e-07
419 0
420 1.43112e-06
421 2.14668e-06
422 1.43112e-06
423 7.15558e-07
424 0
425 7.15558e-07
426 0
427 1.43112e-06
428 1.43112e-06
429 0
430 7.15558e-07
431 0
432 0
433 0
434 1.43112e-06
435 7.15558e-07
436 0
437 0
438 0
439 1.43112e-06
440 1.43112e-06
441 1.43112e-06
442 1.43112e-06
443 0
444 7.15558e-07
445 0
446 1.43112e-06
447 0
448 0
449 7.15558e-07
450 1.43112e-06
451 0
452 7.15558e-07
453 0
454 0
455 0
456 7.15558e-07
457 0
458 7.15558e-07
459 0
460 0
461 0
462 0
463 7.15558e-07
464 0
465 7.15558e-07
466 0
467 0
468 7.15558e-07
469 0
470 7.15558e-07
471 7.15558e-07
472 2.14668e-06
473 0
474 0
475 0
476 0
477 0
478 0
479 1.43112e-06
480 7.15558e-07
481 0
482 0
483 7.15558e-07
484 7.15558e-07
485 0
486 7.15558e-07
487 1.43112e-06
488 0
489 1.43112e-06
490 0
491 7.15558e-07
492 1.43112e-06
493 0
494 7.15558e-07
495 0
496 1.43112e-06
497 0
498 7.15558e-07
499 0
500 0
501 7.15558e-07
502 0
503 7.15558e-07
504 7.15558e-07
505 0
506 0
507 0
508 7.15558e-07
509 0
510 7.15558e-07
511 0
512 0
513 0
514 7.15558e-07
515 0
516 7.15558e-07
517 1.43112e-06
518 1.43112e-06
519 0
520 0
521 7.15558e-07
522 7.15558e-07
523 0
524 1.43112e-06
525 0
526 0
527 7.15558e-07
528 0
529 0
530 0
531 1.43112e-06
532 0
533 0
534 0
535 0
536 7.15558e-07
537 0
538 0
539 0
540 7.15558e-07
541 1.43112e-06
542 0
543 0
544 0
545 0
546 0
547 0
548 7.15558e-07
549 7.15558e-07
550 7.15558e-07
551 0
552 7.15558e-07
553 0
554 7.15558e-07
555 7.15558e-07
556 7.15558e-07
557 0
558 0
559 0
560 7.15558e-07
561 0
562 0
563 0
564 7.15558e-07
565 0
566 0
567 7.15558e-07
568 0
569 0
570 0
571 7.15558e-07
572 0
573 0
574 0
575 0
576 0
577 0
578 0
579 0
580 0
581 0
582 0
583 0
584 7.15558e-07
585 0
586 0
587 0
588 0
589 2.14668e-06
590 7.15558e-07
591 0
592 0
593 0
594 0
595 0
596 0
597 0
598 7.15558e-07
599 0
600 0
601 0
602 0
603 0
604 0
605 0
606 0
607 0
608 0
609 0
610 0
611 0
612 0
613 0
614 7.15558e-07
615 0
616 0
617 0
618 0
619 0
620 0
621 0
622 0
623 0
624 0
625 0
626 0
627 0
628 7.15558e-07
629 0
630 7.15558e-07
631 0
632 0
633 0
634 0
635 0
636 0
637 0
638 7.15558e-07
639 7.15558e-07
640 0
641 0
642 0
643 7.15558e-07
644 0
645 0
646 0
647 0
648 0
649 0
650 0
651 7.15558e-07
652 7.15558e-07
653 7.15558e-07
654 0
655 7.15558e-07
656 7.15558e-07
657 0
658 7.15558e-07
659 7.15558e-07
660 7.15558e-07
661 7.15558e-07
662 0
663 0
664 7.15558e-07
665 7.15558e-07
666 0
667 0
668 0
669 0
670 0
671 0
672 0
673 0
674 0
675 0
676 0
677 0
678 0
679 0
680 0
681 0
682 7.15558e-07
683 7.15558e-07
684 0
685 7.15558e-07
686 7.15558e-07
687 0
688 7.15558e-07
689 0
690 7.15558e-07
691 0
692 0
693 0
694 7.15558e-07
695 0
696 0
697 0
698 0
699 0
700 0
701 0
702 0
703 0
704 0
705 0
706 0
707 0
708 0
709 0
710 0
711 0
712 1.43112e-06
713 0
714 0
715 0
716 0
717 0
718 7.15558e-07
719 0
720 7.15558e-07
721 0
722 7.15558e-07
723 0
724 0
725 0
726 7.15558e-07
727 7.15558e-07
728 0
729 7.15558e-07
730 7.15558e-07
731 0
732 0
733 7.15558e-07
734 0
735 0
736 0
737 0
738 0
739 0
740 0
741 7.15558e-07
742 0
743 0
744 0
745 0
746 0
747 0
748 0
749 0
750 0
751 0
752 0
753 0
754 0
755 0
756 0
757 0
758 0
759 0
760 0
761 7.15558e-07
762 0
763 0
764 0
765 7.15558e-07
766 0
767 0
768 0
769 0
770 0
771 7.15558e-07
772 7.15558e-07
773 0
774 0
775 0
776 0
777 0
778 0
779 0
780 0
781 0
782 0
783 0
784 0
785 0
786 7.15558e-07
787 7.15558e-07
788 0
789 0
790 0
791 0
792 0
793 0
794 0
795 0
796 0
797 0
798 7.15558e-07
799 0
800 7.15558e-07
801 7.15558e-07
802 0
803 0
804 0
805 0
806 0
807 0
808 0
809 0
810 0
811 0
812 7.15558e-07
813 0
814 0
815 0
816 0
817 0
818 0
819 0
820 7.15558e-07
821 7.15558e-07
822 0
823 0
824 0
825 0
826 0
827 0
828 0
829 0
830 0
831 0
832 0
833 0
834 0
835 0
836 0
837 0
838 0
839 0
840 0
841 0
842 0
843 0
844 0
845 0
846 0
847 0
848 0
849 7.15558e-07
850 0
851 0
852 0
853 0
854 0
855 0
856 0
857 0
858 7.15558e-07
859 0
860 0
861 0
862 0
863 0
864 0
865 0
866 0
867 0
868 0
869 0
870 0
871 0
872 0
873 0
874 0
875 0
876 0
877 0
878 0
879 0
880 0
881 7.15558e-07
882 0
883 0
884 0
885 7.15558e-07
886 0
887 0
888 0
889 0
890 0
891 0
892 0
893 0
894 0
895 0
896 0
897 0
898 0
899 0
900 0
901 0
902 0
903 0
904 0
905 0
906 0
907 0
908 0
909 0
910 0
911 0
912 7.15558e-07
913 0
914 0
915 0
916 0
917 7.15558e-07
918 0
919 0
920 0
921 0
922 0
923 0
924 0
925 0
926 0
927 0
928 0
929 0
930 0
931 0
932 0
933 0
934 0
935 7.15558e-07
936 0
937 0
938 0
939 0
940 0
941 0
942 0
943 0
944 0
945 7.15558e-07
946 0
947 0
948 0
949 0
950 0
951 0
952 0
953 0
954 0
955 0
956 0
957 0
958 0
959 0
960 0
961 7.15558e-07
962 0
963 0
964 0
965 0
966 0
967 0
968 0
969 0
970 0
971 0
972 0
973 0
974 0
975 0
976 0
977 0
978 0
979 0
980 0
981 0
982 0
983 0
984 0
985 0
986 0
987 0
988 0
989 0
990 0
991 0
992 0
993 0
994 0
995 0
996 7.15558e-07
997 0
998 0
999 0
1000 0
1001 0
1002 0
1003 0
1004 0
1005 0
1006 0
1007 0
1008 0
1009 0
1010 0
1011 0
1012 0
1013 0
1014 0
1015 0
1016 0
1017 0
1018 0
1019 0
1020 0
1021 0
1022 0
1023 0
1024 0
1025 0
1026 0
1027 0
1028 0
1029 0
1030 0
1031 0
1032 0
1033 0
1034 0
1035 7.15558e-07
1036 0
1037 0
1038 0
1039 0
1040 0
1041 0
1042 0
1043 0
1044 0
1045 0
1046 0
1047 0
1048 0
1049 0
1050 0
1051 0
1052 0
1053 0
1054 7.15558e-07
1055 0
1056 0
1057 0
1058 0
1059 0
1060 0
1061 0
1062 0
1063 7.15558e-07
1064 0
1065 0
1066 0
1067 0
1068 0
1069 0
1070 0
1071 0
1072 0
1073 0
1074 0
1075 0
1076 0
1077 0
1078 0
1079 7.15558e-07
1080 0
1081 0
1082 0
1083 0
1084 0
1085 0
1086 0
1087 0
1088 0
1089 0
1090 0
1091 0
1092 0
1093 0
1094 0
1095 0
1096 0
1097 0
1098 0
1099 0
1100 0
1101 0
1102 0
1103 0
1104 0
1105 0
1106 0
1107 0
1108 0
1109 0
1110 0
1111 0
1112 0
1113 0
1114 0
1115 0
1116 0
1117 0
1118 0
1119 7.15558e-07
1120 0
1121 0
1122 0
1123 0
1124 0
1125 0
1126 0
1127 0
1128 0
1129 0
1130 0
1131 7.15558e-07
1132 0
1133 0
1134 0
1135 0
1136 0
1137 0
1138 0
1139 0
1140 0
1141 0
1142 0
1143 0
1144 0
1145 0
1146 0
1147 0
1148 0
1149 0
1150 0
1151 0
1152 0
1153 0
1154 0
1155 0
1156 0
1157 0
1158 0
1159 0
1160 0
1161 0
1162 0
1163 0
1164 0
1165 0
1166 7.15558e-07
1167 0
1168 7.15558e-07
1169 0
1170 0
1171 0
1172 0
1173 0
1174 0
1175 0
1176 0
1177 0
1178 0
1179 0
1180 0
1181 0
1182 0
1183 0
1184 0
1185 0
1186 0
1187 0
1188 0
1189 0
1190 0
1191 0
1192 0
1193 0
1194 0
1195 0
1196 0
1197 0
1198 0
1199 0
1200 0
1201 0
1202 0
1203 0
1204 0
1205 0
1206 0
1207 0
1208 0
1209 0
1210 0
1211 0
1212 0
1213 0
1214 0
1215 0
1216 0
1217 0
1218 0
1219 7.15558e-07
1220 0
1221 0
1222 0
1223 0
1224 0
1225 0
1226 0
1227 0
1228 0
1229 0
1230 0
1231 0
1232 0
1233 0
1234 0
1235 0
1236 0
1237 0
1238 0
1239 0
1240 0
1241 0
1242 0
1243 0
1244 0
1245 0
1246 0
1247 0
1248 0
1249 0
1250 0
1251 0
1252 0
1253 0
1254 0
1255 0
1256 0
1257 0
1258 0
1259 0
1260 0
1261 0
1262 0
1263 0
1264 0
1265 0
1266 0
1267 0
1268 0
1269 0
1270 0
1271 0
1272 0
1273 0
1274 0
1275 0
1276 0
1277 0
1278 0
1279 0
1280 0
1281 0
1282 0
1283 0
1284 0
1285 0
1286 0
1287 0
1288 0
1289 0
1290 0
1291 0
1292 0
1293 0
1294 0
1295 0
1296 0
1297 0
1298 0
1299 0
1300 0
1301 0
1302 0
1303 0
1304 0
1305 0
1306 0
1307 0
1308 0
1309 0
1310 0
1311 0
1312 0
1313 0
1314 0
1315 0
1316 0
1317 0
1318 0
1319 0
1320 0
1321 0
1322 0
1323 0
1324 0
1325 0
1326 0
1327 0
1328 0
1329 0
1330 0
1331 0
1332 0
1333 0
1334 0
1335 0
1336 0
1337 0
1338 0
1339 0
1340 0
1341 0
1342 0
1343 0
1344 0
1345 0
1346 0
1347 0
1348 0
1349 0
1350 0
1351 0
1352 0
1353 0
1354 0
1355 0
1356 0
1357 0
1358 0
1359 0
1360 0
1361 0
1362 0
1363 0
1364 0
1365 0
1366 0
1367 0
1368 0
1369 0
1370 0
1371 0
1372 0
1373 0
1374 0
1375 0
1376 0
1377 0
1378 0
1379 0
1380 0
1381 0
1382 0
1383 0
1384 0
1385 0
1386 0
1387 0
1388 0
1389 0
1390 0
1391 0
1392 0
1393 0
1394 0
1395 0
1396 0
1397 0
1398 0
1399 0
1400 0
1401 0
1402 0
1403 0
1404 0
1405 0
1406 0
1407 0
1408 0
1409 0
1410 0
1411 0
1412 0
1413 0
1414 0
1415 0
1416 0
1417 0
1418 0
1419 0
1420 0
1421 0
1422 0
1423 0
1424 0
1425 0
1426 0
1427 0
1428 0
1429 0
1430 0
1431 0
1432 0
1433 0
1434 0
1435 0
1436 0
1437 0
1438 0
1439 0
1440 0
1441 0
1442 0
1443 0
1444 0
1445 0
1446 0
1447 0
1448 0
1449 0
1450 0
1451 0
1452 0
1453 0
1454 0
1455 0
1456 0
1457 0
1458 0
1459 0
1460 0
1461 0
1462 0
1463 0
1464 0
1465 0
1466 0
1467 0
1468 0
1469 0
1470 0
1471 0
1472 0
1473 0
1474 0
1475 0
1476 0
1477 0
1478 0
1479 0
1480 0
1481 0
1482 0
1483 0
1484 0
1485 0
1486 0
1487 0
1488 0
1489 0
1490 0
1491 0
1492 0
1493 0
1494 0
1495 0
1496 0
1497 0
1498 0
1499 0
1500 0
1501 0
1502 0
1503 0
1504 0
1505 0
1506 0
1507 0
1508 0
1509 0
1510 0
1511 0
1512 0
1513 0
1514 0
1515 0
1516 0
1517 0
1518 0
1519 0
1520 0
1521 0
1522 0
1523 0
1524 0
1525 0
1526 0
1527 0
1528 0
1529 0
1530 0
1531 0
1532 0
1533 0
1534 0
1535 0
1536 0
1537 0
1538 0
1539 0
1540 0
1541 0
1542 0
1543 0
1544 0
1545 0
1546 0
1547 0
1548 0
1549 0
1550 0
1551 0
1552 0
1553 0
1554 0
1555 0
1556 0
1557 0
1558 0
1559 0
1560 0
1561 0
1562 0
1563 0
1564 0
1565 0
1566 0
1567 0
1568 0
1569 0
1570 0
1571 0
1572 0
1573 0
1574 0
1575 0
1576 0
1577 0
1578 0
1579 0
1580 0
1581 0
1582 0
1583 0
1584 0
1585 0
1586 0
1587 0
1588 0
1589 0
1590 0
1591 0
1592 0
1593 0
1594 0
1595 0
1596 0
1597 0
1598 0
1599 0
1600 0
1601 0
1602 0
1603 0
1604 0
1605 0
1606 0
1607 0
1608 0
1609 0
1610 0
1611 0
1612 0
1613 0
1614 0
1615 0
1616 0
1617 0
1618 0
1619 0
1620 0
1621 0
1622 0
1623 0
1624 0
1625 0
1626 0
1627 0
1628 0
1629 0
1630 0
1631 0
1632 0
1633 0
1634 0
1635 0
1636 0
1637 0
1638 7.15558e-07
