# n = 100135
# m = 794205
# d_medio = 15.8627
0 0
1 0.0261247
2 0.0670994
3 0.089599
4 0.0864533
5 0.0768363
6 0.0639437
7 0.0551955
8 0.047416
9 0.0411944
10 0.0358216
11 0.0314475
12 0.0280721
13 0.0261147
14 0.0232886
15 0.019973
16 0.0182254
17 0.0163479
18 0.0141509
19 0.0144305
20 0.0128427
21 0.0112448
22 0.0110451
23 0.00976681
24 0.00951715
25 0.00817896
26 0.00804913
27 0.00732012
28 0.0070405
29 0.00663105
30 0.00596195
31 0.00557248
32 0.00566236
33 0.00445399
34 0.00456384
35 0.00426424
36 0.00386478
37 0.00359515
38 0.0037749
39 0.00343536
40 0.0034054
41 0.00255655
42 0.0032556
43 0.00291606
44 0.00250662
45 0.00262645
46 0.00228691
47 0.00230689
48 0.00219703
49 0.00226694
50 0.00158786
51 0.00179757
52 0.0016278
53 0.00141809
54 0.00154791
55 0.00133819
56 0.00137814
57 0.00131822
58 0.00120837
59 0.00116842
60 0.00152794
61 0.00117841
62 0.00107854
63 0.00105857
64 0.000978679
65 0.000868827
66 0.000818894
67 0.000848854
68 0.000948719
69 0.000808908
70 0.000848854
71 0.000719029
72 0.000898787
73 0.000679083
74 0.000768962
75 0.00065911
76 0.000878814
77 0.000589205
78 0.000539272
79 0.000579218
80 0.00068907
81 0.000539272
82 0.000469366
83 0.000549259
84 0.000469366
85 0.000449393
86 0.000549259
87 0.00045938
88 0.00045938
89 0.000399461
90 0.000439407
91 0.000449393
92 0.000389474
93 0.000589205
94 0.000369501
95 0.000469366
96 0.000379488
97 0.000299596
98 0.000399461
99 0.000339542
100 0.000219703
101 0.000639137
102 0.000359515
103 0.000279623
104 0.000309582
105 0.000239676
106 0.000169771
107 0.000359515
108 0.000359515
109 0.000219703
110 0.000299596
111 0.000179757
112 0.000169771
113 0.000159784
114 0.000169771
115 0.000189744
116 0.000139811
117 0.000159784
118 0.00019973
119 0.000139811
120 0.000169771
121 0.000209717
122 0.000189744
123 0.000179757
124 0.000209717
125 0.000169771
126 9.98652e-05
127 0.000139811
128 0.000109852
129 0.000189744
130 0.000119838
131 0.000129825
132 0.000149798
133 8.98787e-05
134 0.000149798
135 8.98787e-05
136 0.000149798
137 0.000159784
138 0.000169771
139 6.99056e-05
140 4.99326e-05
141 9.98652e-05
142 9.98652e-05
143 0.000119838
144 0.000119838
145 6.99056e-05
146 4.99326e-05
147 0.000119838
148 0.000119838
149 0.000119838
150 5.99191e-05
151 6.99056e-05
152 9.98652e-05
153 9.98652e-05
154 7.98921e-05
155 0.000119838
156 3.99461e-05
157 9.98652e-05
158 4.99326e-05
159 5.99191e-05
160 5.99191e-05
161 0.000119838
162 4.99326e-05
163 7.98921e-05
164 4.99326e-05
165 3.99461e-05
166 6.99056e-05
167 6.99056e-05
168 5.99191e-05
169 2.99596e-05
170 4.99326e-05
171 5.99191e-05
172 6.99056e-05
173 6.99056e-05
174 4.99326e-05
175 4.99326e-05
176 9.98652e-06
177 4.99326e-05
178 0
179 4.99326e-05
180 7.98921e-05
181 3.99461e-05
182 5.99191e-05
183 9.98652e-06
184 3.99461e-05
185 0
186 9.98652e-06
187 4.99326e-05
188 1.9973e-05
189 3.99461e-05
190 2.99596e-05
191 9.98652e-06
192 2.99596e-05
193 4.99326e-05
194 2.99596e-05
195 1.9973e-05
196 2.99596e-05
197 1.9973e-05
198 9.98652e-06
199 9.98652e-06
200 1.9973e-05
201 5.99191e-05
202 1.9973e-05
203 1.9973e-05
204 9.98652e-05
205 1.9973e-05
206 2.99596e-05
207 2.99596e-05
208 4.99326e-05
209 3.99461e-05
210 3.99461e-05
211 2.99596e-05
212 1.9973e-05
213 3.99461e-05
214 3.99461e-05
215 1.9973e-05
216 1.9973e-05
217 2.99596e-05
218 9.98652e-06
219 1.9973e-05
220 9.98652e-06
221 3.99461e-05
222 2.99596e-05
223 9.98652e-06
224 2.99596e-05
225 9.98652e-06
226 9.98652e-06
227 4.99326e-05
228 9.98652e-06
229 9.98652e-06
230 9.98652e-06
231 1.9973e-05
232 1.9973e-05
233 1.9973e-05
234 9.98652e-06
235 0
236 1.9973e-05
237 9.98652e-06
238 9.98652e-06
239 0
240 9.98652e-06
241 3.99461e-05
242 3.99461e-05
243 2.99596e-05
244 1.9973e-05
245 1.9973e-05
246 9.98652e-06
247 3.99461e-05
248 0
249 1.9973e-05
250 1.9973e-05
251 1.9973e-05
252 9.98652e-06
253 3.99461e-05
254 9.98652e-06
255 2.99596e-05
256 1.9973e-05
257 9.98652e-06
258 9.98652e-06
259 1.9973e-05
260 9.98652e-06
261 9.98652e-06
262 0
263 9.98652e-06
264 0
265 9.98652e-06
266 0
267 2.99596e-05
268 9.98652e-06
269 1.9973e-05
270 9.98652e-06
271 0
272 0
273 3.99461e-05
274 9.98652e-06
275 2.99596e-05
276 1.9973e-05
277 1.9973e-05
278 0
279 1.9973e-05
280 9.98652e-06
281 1.9973e-05
282 0
283 0
284 0
285 2.99596e-05
286 1.9973e-05
287 2.99596e-05
288 0
289 1.9973e-05
290 2.99596e-05
291 1.9973e-05
292 9.98652e-06
293 9.98652e-06
294 0
295 9.98652e-06
296 9.98652e-06
297 9.98652e-06
298 9.98652e-06
299 9.98652e-06
300 9.98652e-06
301 0
302 9.98652e-06
303 9.98652e-06
304 0
305 9.98652e-06
306 0
307 9.98652e-06
308 0
309 9.98652e-06
310 2.99596e-05
311 0
312 0
313 0
314 0
315 3.99461e-05
316 1.9973e-05
317 0
318 0
319 0
320 0
321 0
322 0
323 0
324 2.99596e-05
325 0
326 9.98652e-06
327 0
328 1.9973e-05
329 9.98652e-06
330 0
331 1.9973e-05
332 0
333 9.98652e-06
334 9.98652e-06
335 0
336 0
337 0
338 0
339 0
340 9.98652e-06
341 1.9973e-05
342 2.99596e-05
343 0
344 9.98652e-06
345 9.98652e-06
346 0
347 1.9973e-05
348 9.98652e-06
349 0
350 0
351 0
352 0
353 0
354 0
355 0
356 0
357 9.98652e-06
358 0
359 0
360 9.98652e-06
361 0
362 0
363 0
364 9.98652e-06
365 0
366 0
367 9.98652e-06
368 9.98652e-06
369 9.98652e-06
370 9.98652e-06
371 0
372 9.98652e-06
373 0
374 0
375 1.9973e-05
376 0
377 0
378 0
379 0
380 9.98652e-06
381 0
382 9.98652e-06
383 0
384 9.98652e-06
385 0
386 9.98652e-06
387 9.98652e-06
388 0
389 0
390 1.9973e-05
391 0
392 0
393 0
394 0
395 0
396 9.98652e-06
397 0
398 0
399 9.98652e-06
400 0
401 0
402 0
403 0
404 0
405 0
406 1.9973e-05
407 0
408 0
409 0
410 0
411 0
412 0
413 0
414 0
415 0
416 0
417 0
418 0
419 0
420 0
421 0
422 0
423 0
424 0
425 0
426 9.98652e-06
427 9.98652e-06
428 0
429 0
430 0
431 0
432 0
433 0
434 9.98652e-06
435 0
436 0
437 0
438 9.98652e-06
439 0
440 0
441 0
442 0
443 0
444 0
445 0
446 9.98652e-06
447 9.98652e-06
448 0
449 9.98652e-06
450 9.98652e-06
451 0
452 9.98652e-06
453 9.98652e-06
454 0
455 0
456 0
457 0
458 0
459 0
460 0
461 0
462 0
463 0
464 0
465 0
466 0
467 0
468 9.98652e-06
469 0
470 0
471 0
472 9.98652e-06
473 0
474 0
475 0
476 0
477 0
478 0
479 9.98652e-06
480 0
481 1.9973e-05
482 0
483 9.98652e-06
484 1.9973e-05
485 0
486 9.98652e-06
487 9.98652e-06
488 0
489 0
490 0
491 9.98652e-06
492 0
493 0
494 0
495 0
496 0
497 0
498 0
499 0
500 0
501 0
502 0
503 0
504 0
505 9.98652e-06
506 0
507 0
508 0
509 0
510 0
511 0
512 0
513 0
514 0
515 0
516 9.98652e-06
517 1.9973e-05
518 9.98652e-06
519 0
520 0
521 0
522 9.98652e-06
523 0
524 0
525 0
526 0
527 0
528 0
529 0
530 0
531 0
532 0
533 0
534 0
535 0
536 0
537 0
538 0
539 0
540 0
541 9.98652e-06
542 0
543 0
544 0
545 0
546 0
547 0
548 0
549 0
550 9.98652e-06
551 0
552 0
553 0
554 0
555 0
556 0
557 0
558 0
559 0
560 0
561 0
562 9.98652e-06
563 0
564 0
565 0
566 0
567 0
568 0
569 0
570 0
571 9.98652e-06
572 0
573 0
574 0
575 0
576 0
577 0
578 0
579 0
580 0
581 0
582 0
583 0
584 0
585 0
586 0
587 0
588 0
589 0
590 9.98652e-06
591 0
592 0
593 0
594 0
595 0
596 0
597 0
598 0
599 0
600 0
601 0
602 0
603 0
604 0
605 0
606 0
607 0
608 0
609 0
610 0
611 0
612 0
613 0
614 0
615 0
616 0
617 0
618 0
619 0
620 0
621 0
622 0
623 0
624 0
625 0
626 0
627 0
628 9.98652e-06
629 0
630 0
631 0
632 0
633 0
634 0
635 9.98652e-06
636 0
637 0
638 9.98652e-06
639 0
640 0
641 0
642 0
643 0
644 0
645 0
646 0
647 0
648 0
649 0
650 0
651 0
652 0
653 9.98652e-06
654 0
655 9.98652e-06
656 0
657 0
658 0
659 0
660 0
661 0
662 0
663 0
664 0
665 0
666 0
667 0
668 0
669 0
670 0
671 0
672 0
673 0
674 0
675 0
676 0
677 0
678 0
679 0
680 0
681 0
682 9.98652e-06
683 0
684 0
685 0
686 0
687 0
688 9.98652e-06
689 0
690 0
691 0
692 0
693 0
694 9.98652e-06
695 0
696 0
697 0
698 0
699 0
700 0
701 0
702 0
703 0
704 0
705 0
706 0
707 0
708 0
709 0
710 0
711 0
712 0
713 0
714 0
715 0
716 0
717 0
718 0
719 0
720 0
721 0
722 0
723 0
724 0
725 0
726 0
727 0
728 0
729 0
730 0
731 0
732 0
733 0
734 0
735 0
736 0
737 0
738 0
739 0
740 0
741 9.98652e-06
742 0
743 0
744 0
745 0
746 0
747 0
748 0
749 0
750 0
751 0
752 0
753 0
754 0
755 0
756 0
757 0
758 0
759 0
760 0
761 0
762 0
763 0
764 0
765 0
766 0
767 0
768 0
769 0
770 0
771 9.98652e-06
772 0
773 0
774 0
775 0
776 0
777 0
778 0
779 0
780 0
781 9.98652e-06
782 0
783 0
784 0
785 0
786 9.98652e-06
787 0
788 0
789 0
790 0
791 0
792 0
793 0
794 0
795 0
796 0
797 0
798 9.98652e-06
799 9.98652e-06
800 9.98652e-06
801 0
802 0
803 0
804 0
805 0
806 0
807 0
808 0
809 0
810 0
811 0
812 0
813 0
814 9.98652e-06
815 0
816 0
817 0
818 0
819 0
820 9.98652e-06
821 0
822 0
823 0
824 0
825 0
826 0
827 0
828 0
829 0
830 0
831 0
832 0
833 0
834 0
835 0
836 0
837 0
838 0
839 0
840 0
841 0
842 0
843 0
844 0
845 0
846 0
847 0
848 0
849 0
850 0
851 0
852 0
853 0
854 0
855 0
856 0
857 0
858 9.98652e-06
859 0
860 0
861 0
862 0
863 0
864 0
865 0
866 0
867 0
868 0
869 0
870 0
871 0
872 0
873 0
874 0
875 0
876 0
877 0
878 0
879 0
880 0
881 0
882 0
883 0
884 0
885 0
886 0
887 0
888 0
889 0
890 0
891 0
892 0
893 0
894 0
895 0
896 0
897 0
898 0
899 0
900 0
901 0
902 0
903 0
904 0
905 0
906 0
907 0
908 0
909 0
910 0
911 0
912 0
913 0
914 0
915 0
916 0
917 0
918 0
919 0
920 0
921 0
922 0
923 0
924 0
925 0
926 0
927 0
928 0
929 0
930 0
931 0
932 0
933 0
934 0
935 0
936 0
937 0
938 0
939 0
940 0
941 0
942 0
943 0
944 0
945 0
946 0
947 0
948 0
949 0
950 0
951 0
952 0
953 0
954 0
955 0
956 0
957 0
958 0
959 0
960 0
961 0
962 0
963 0
964 0
965 0
966 0
967 0
968 0
969 0
970 0
971 0
972 0
973 0
974 0
975 0
976 0
977 0
978 0
979 0
980 0
981 0
982 0
983 0
984 0
985 0
986 0
987 0
988 0
989 0
990 0
991 0
992 0
993 0
994 0
995 0
996 0
997 0
998 0
999 0
1000 0
1001 0
1002 0
1003 0
1004 0
1005 0
1006 0
1007 0
1008 0
1009 0
1010 0
1011 0
1012 0
1013 0
1014 0
1015 0
1016 0
1017 0
1018 0
1019 0
1020 0
1021 0
1022 0
1023 0
1024 0
1025 0
1026 0
1027 0
1028 0
1029 0
1030 0
1031 0
1032 0
1033 0
1034 0
1035 9.98652e-06
